isotope  ST1-DF-charged (g)  ST1-DF-discharged (g)   ST1-BB-charged (g)  ST2-BB-discharged (g)
      H3         0.000e+00         1.763e-01            0.000e+00          5.336e-02
     HE4         0.000e+00         1.711e+00            0.000e+00          1.327e-01
     LI6         0.000e+00         9.708e-04            0.000e+00          3.052e-04
     LI7         0.000e+00         2.461e-05            0.000e+00          7.518e-06
     BE9         0.000e+00         4.696e-05            0.000e+00          1.441e-05
    BE10         0.000e+00         3.166e-04            0.000e+00          9.674e-05
     C14         0.000e+00         6.401e-05            0.000e+00          1.955e-05
    CO72         0.000e+00         4.100e-12            0.000e+00          9.277e-13
    CO73         0.000e+00         1.235e-12            0.000e+00          2.857e-13
    CO74         0.000e+00         2.078e-13            0.000e+00          5.075e-14
    CO75         0.000e+00         2.057e-14            0.000e+00          5.036e-15
    NI72         0.000e+00         1.870e-09            0.000e+00          3.823e-10
    NI73         0.000e+00         2.121e-10            0.000e+00          4.658e-11
    NI74         0.000e+00         1.856e-10            0.000e+00          4.440e-11
    NI75         0.000e+00         2.004e-11            0.000e+00          4.836e-12
    NI76         0.000e+00         7.260e-12            0.000e+00          1.772e-12
    NI77         0.000e+00         4.976e-13            0.000e+00          1.250e-13
    NI78         0.000e+00         7.927e-14            0.000e+00          1.968e-14
    CU66         0.000e+00         4.194e-13            0.000e+00          1.490e-13
    CU67         0.000e+00         3.975e-17            0.000e+00          4.496e-18
    CU72         0.000e+00         1.189e-08            0.000e+00          2.243e-09
    CU73         0.000e+00         7.209e-09            0.000e+00          1.486e-09
    CU74         0.000e+00         1.225e-09            0.000e+00          2.716e-10
    CU75         0.000e+00         1.370e-09            0.000e+00          3.138e-10
    CU76         0.000e+00         2.513e-10            0.000e+00          5.933e-11
    CU77         0.000e+00         1.536e-10            0.000e+00          3.867e-11
    CU78         0.000e+00         2.121e-11            0.000e+00          5.279e-12
    CU79         0.000e+00         1.025e-11            0.000e+00          2.538e-12
    CU80         0.000e+00         6.562e-13            0.000e+00          1.625e-13
    CU81         0.000e+00         4.370e-14            0.000e+00          1.092e-14
    ZN66         0.000e+00         9.896e-08            0.000e+00          9.494e-08
    ZN67         0.000e+00         4.243e-09            0.000e+00          4.009e-09
    ZN68         0.000e+00         2.119e-11            0.000e+00          1.588e-11
    ZN69         0.000e+00         1.674e-18            0.000e+00          3.998e-19
   ZN69M         0.000e+00         1.630e-18            0.000e+00          3.892e-19
    ZN72         0.000e+00         4.356e-04            0.000e+00          8.017e-05
    ZN73         0.000e+00         8.624e-08            0.000e+00          1.660e-08
    ZN74         0.000e+00         5.959e-07            0.000e+00          1.192e-07
    ZN75         0.000e+00         8.185e-08            0.000e+00          1.671e-08
    ZN76         0.000e+00         6.564e-08            0.000e+00          1.384e-08
    ZN77         0.000e+00         1.657e-08            0.000e+00          3.811e-09
    ZN78         0.000e+00         2.039e-08            0.000e+00          4.893e-09
    ZN79         0.000e+00         3.014e-09            0.000e+00          7.332e-10
    ZN80         0.000e+00         1.788e-09            0.000e+00          4.404e-10
    ZN81         0.000e+00         8.856e-11            0.000e+00          2.229e-11
    ZN82         0.000e+00         1.374e-11            0.000e+00          3.442e-12
    ZN83         0.000e+00         8.540e-13            0.000e+00          2.138e-13
    GA69         0.000e+00         1.156e-14            0.000e+00          6.859e-15
    GA71         0.000e+00         1.596e-05            0.000e+00          4.445e-06
    GA72         0.000e+00         1.328e-04            0.000e+00          2.444e-05
    GA73         0.000e+00         6.912e-05            0.000e+00          1.320e-05
    GA74         0.000e+00         3.373e-06            0.000e+00          6.658e-07
    GA75         0.000e+00         1.328e-06            0.000e+00          2.633e-07
    GA76         0.000e+00         5.706e-07            0.000e+00          1.133e-07
    GA77         0.000e+00         4.386e-07            0.000e+00          8.989e-08
    GA78         0.000e+00         1.935e-07            0.000e+00          4.101e-08
    GA79         0.000e+00         1.483e-07            0.000e+00          3.290e-08
    GA80         0.000e+00         6.185e-08            0.000e+00          1.439e-08
    GA81         0.000e+00         1.741e-08            0.000e+00          4.344e-09
    GA82         0.000e+00         1.649e-09            0.000e+00          4.121e-10
    GA83         0.000e+00         4.884e-10            0.000e+00          1.227e-10
    GA84         0.000e+00         5.906e-11            0.000e+00          1.481e-11
    GE70         0.000e+00         2.239e-17            0.000e+00          1.048e-17
    GE72         0.000e+00         1.888e-01            0.000e+00          6.489e-02
    GE73         0.000e+00         2.761e-01            0.000e+00          1.054e-01
   GE73M         0.000e+00         2.087e-09            0.000e+00          3.988e-10
    GE74         0.000e+00         5.192e-01            0.000e+00          1.949e-01
    GE75         0.000e+00         5.927e-05            0.000e+00          1.170e-05
   GE75M         0.000e+00         2.777e-08            0.000e+00          5.367e-09
    GE76         0.000e+00         1.674e+00            0.000e+00          6.247e-01
    GE77         0.000e+00         7.230e-04            0.000e+00          1.387e-04
   GE77M         0.000e+00         1.943e-06            0.000e+00          3.881e-07
    GE78         0.000e+00         4.143e-04            0.000e+00          8.089e-05
    GE79         0.000e+00         6.784e-06            0.000e+00          1.332e-06
    GE80         0.000e+00         4.858e-06            0.000e+00          9.838e-07
    GE81         0.000e+00         2.350e-06            0.000e+00          5.264e-07
    GE82         0.000e+00         1.004e-06            0.000e+00          2.323e-07
    GE83         0.000e+00         3.149e-07            0.000e+00          7.513e-08
    GE84         0.000e+00         9.454e-08            0.000e+00          2.358e-08
    GE85         0.000e+00         3.663e-09            0.000e+00          9.401e-10
    GE86         0.000e+00         8.458e-10            0.000e+00          2.154e-10
    GE87         0.000e+00         5.062e-11            0.000e+00          1.285e-11
    GE88         0.000e+00         4.261e-12            0.000e+00          1.070e-12
    AS75         0.000e+00         8.247e-01            0.000e+00          3.207e-01
    AS76         0.000e+00         1.186e-04            0.000e+00          1.476e-05
    AS77         0.000e+00         6.469e-03            0.000e+00          1.270e-03
    AS78         0.000e+00         4.468e-04            0.000e+00          8.686e-05
    AS79         0.000e+00         9.520e-05            0.000e+00          1.846e-05
    AS80         0.000e+00         4.439e-06            0.000e+00          8.701e-07
    AS81         0.000e+00         1.274e-05            0.000e+00          2.655e-06
    AS82         0.000e+00         7.998e-06            0.000e+00          1.727e-06
   AS82M         0.000e+00         2.115e-06            0.000e+00          4.123e-07
    AS83         0.000e+00         1.014e-05            0.000e+00          2.132e-06
    AS84         0.000e+00         3.492e-06            0.000e+00          7.924e-07
    AS85         0.000e+00         5.663e-07            0.000e+00          1.388e-07
    AS86         0.000e+00         1.246e-07            0.000e+00          3.153e-08
    AS87         0.000e+00         1.402e-08            0.000e+00          3.651e-09
    AS88         0.000e+00         1.423e-09            0.000e+00          3.634e-10
    AS89         0.000e+00         1.788e-10            0.000e+00          4.522e-11
    SE76         0.000e+00         4.511e-02            0.000e+00          1.241e-02
    SE77         0.000e+00         3.201e+00            0.000e+00          1.165e+00
   SE77M         0.000e+00         2.077e-09            0.000e+00          4.013e-10
    SE78         0.000e+00         6.106e+00            0.000e+00          2.145e+00
    SE79         0.000e+00         1.297e+01            0.000e+00          4.639e+00
   SE79M         0.000e+00         4.123e-05            0.000e+00          7.996e-06
    SE80         0.000e+00         1.989e+01            0.000e+00          7.276e+00
    SE81         0.000e+00         4.832e-04            0.000e+00          9.905e-05
   SE81M         0.000e+00         5.035e-05            0.000e+00          9.051e-06
    SE82         0.000e+00         5.093e+01            0.000e+00          1.970e+01
    SE83         0.000e+00         8.301e-04            0.000e+00          1.593e-04
   SE83M         0.000e+00         5.753e-05            0.000e+00          1.133e-05
    SE84         0.000e+00         4.136e-04            0.000e+00          8.310e-05
    SE85         0.000e+00         3.917e-05            0.000e+00          8.326e-06
   SE85M         0.000e+00         1.473e-05            0.000e+00          2.989e-06
    SE86         0.000e+00         2.827e-05            0.000e+00          6.236e-06
    SE87         0.000e+00         6.038e-06            0.000e+00          1.436e-06
    SE88         0.000e+00         8.701e-07            0.000e+00          2.205e-07
    SE89         0.000e+00         8.466e-08            0.000e+00          2.171e-08
    SE90         0.000e+00         3.027e-08            0.000e+00          7.785e-09
    SE91         0.000e+00         2.308e-09            0.000e+00          5.789e-10
    SE92         0.000e+00         2.591e-10            0.000e+00          6.422e-11
    BR79         0.000e+00         2.413e-04            0.000e+00          1.463e-04
   BR79M         0.000e+00         9.275e-13            0.000e+00          1.564e-13
    BR80         0.000e+00         1.269e-08            0.000e+00          2.163e-09
   BR80M         0.000e+00         9.727e-08            0.000e+00          1.646e-08
    BR81         0.000e+00         2.976e+01            0.000e+00          1.213e+01
    BR82         0.000e+00         7.243e-03            0.000e+00          9.576e-04
   BR82M         0.000e+00         4.038e-06            0.000e+00          5.444e-07
    BR83         0.000e+00         1.270e-02            0.000e+00          2.464e-03
    BR84         0.000e+00         4.228e-03            0.000e+00          8.428e-04
   BR84M         0.000e+00         4.569e-05            0.000e+00          7.914e-06
    BR85         0.000e+00         4.306e-04            0.000e+00          8.583e-05
    BR86         0.000e+00         9.080e-05            0.000e+00          1.843e-05
   BR86M         0.000e+00         7.420e-06            0.000e+00          1.506e-06
    BR87         0.000e+00         1.702e-04            0.000e+00          3.614e-05
    BR88         0.000e+00         4.528e-05            0.000e+00          1.022e-05
    BR89         0.000e+00         7.806e-06            0.000e+00          1.882e-06
    BR90         0.000e+00         1.484e-06            0.000e+00          3.760e-07
    BR91         0.000e+00         2.754e-07            0.000e+00          6.895e-08
    BR92         0.000e+00         3.462e-08            0.000e+00          8.434e-09
    BR93         0.000e+00         3.579e-09            0.000e+00          8.696e-10
    BR94         0.000e+00         1.921e-10            0.000e+00          4.794e-11
    BR95         0.000e+00         2.331e-11            0.000e+00          5.789e-12
    BR96         0.000e+00         9.417e-13            0.000e+00          2.340e-13
    KR79         0.000e+00         1.951e-11            0.000e+00          1.464e-12
    KR80         0.000e+00         7.592e-04            0.000e+00          1.789e-04
    KR81         0.000e+00         6.364e-05            0.000e+00          1.145e-05
   KR81M         0.000e+00         2.839e-12            0.000e+00          3.583e-13
    KR82         0.000e+00         2.160e+00            0.000e+00          6.139e-01
    KR83         0.000e+00         1.001e+02            0.000e+00          3.572e+01
   KR83M         0.000e+00         9.736e-03            0.000e+00          1.887e-03
    KR84         0.000e+00         1.785e+02            0.000e+00          6.406e+01
    KR85         0.000e+00         3.821e+01            0.000e+00          1.261e+01
   KR85M         0.000e+00         4.091e-02            0.000e+00          8.140e-03
    KR86         0.000e+00         2.749e+02            0.000e+00          1.017e+02
    KR87         0.000e+00         1.976e-02            0.000e+00          4.019e-03
    KR88         0.000e+00         6.200e-02            0.000e+00          1.272e-02
    KR89         0.000e+00         1.266e-03            0.000e+00          2.659e-04
    KR90         0.000e+00         2.079e-04            0.000e+00          4.444e-05
    KR91         0.000e+00         4.098e-05            0.000e+00          8.907e-06
    KR92         0.000e+00         5.019e-06            0.000e+00          1.103e-06
    KR93         0.000e+00         1.425e-06            0.000e+00          3.182e-07
    KR94         0.000e+00         5.752e-08            0.000e+00          1.405e-08
    KR95         0.000e+00         4.887e-08            0.000e+00          1.204e-08
    KR96         0.000e+00         6.760e-09            0.000e+00          1.670e-09
    KR97         0.000e+00         1.567e-10            0.000e+00          3.865e-11
    KR98         0.000e+00         3.101e-11            0.000e+00          7.687e-12
    RB85         0.000e+00         1.502e+02            0.000e+00          5.552e+01
    RB86         0.000e+00         2.224e-01            0.000e+00          2.643e-02
   RB86M         0.000e+00         1.520e-07            0.000e+00          2.305e-08
    RB87         0.000e+00         3.542e+02            0.000e+00          1.302e+02
    RB88         0.000e+00         6.762e-03            0.000e+00          1.377e-03
    RB89         0.000e+00         7.499e-03            0.000e+00          1.524e-03
    RB90         0.000e+00         1.104e-03            0.000e+00          2.288e-04
   RB90M         0.000e+00         5.832e-04            0.000e+00          1.118e-04
    RB91         0.000e+00         5.805e-04            0.000e+00          1.174e-04
    RB92         0.000e+00         3.996e-05            0.000e+00          8.079e-06
    RB93         0.000e+00         3.982e-05            0.000e+00          8.171e-06
    RB94         0.000e+00         9.859e-06            0.000e+00          2.107e-06
    RB95         0.000e+00         6.712e-07            0.000e+00          1.519e-07
    RB96         0.000e+00         1.428e-07            0.000e+00          3.344e-08
    RB97         0.000e+00         2.293e-08            0.000e+00          5.408e-09
    RB98         0.000e+00         6.079e-09            0.000e+00          1.487e-09
    RB99         0.000e+00         3.623e-10            0.000e+00          8.825e-11
   RB100         0.000e+00         5.039e-11            0.000e+00          1.241e-11
    SR86         0.000e+00         4.894e+00            0.000e+00          1.246e+00
    SR87         0.000e+00         4.770e-02            0.000e+00          9.308e-03
   SR87M         0.000e+00         2.021e-06            0.000e+00          2.200e-07
    SR88         0.000e+00         4.624e+02            0.000e+00          1.779e+02
    SR89         0.000e+00         3.619e+01            0.000e+00          7.266e+00
    SR90         0.000e+00         6.818e+02            0.000e+00          2.499e+02
    SR91         0.000e+00         3.945e-01            0.000e+00          7.883e-02
    SR92         0.000e+00         1.341e-01            0.000e+00          2.627e-02
    SR93         0.000e+00         7.540e-03            0.000e+00          1.456e-03
    SR94         0.000e+00         1.225e-03            0.000e+00          2.328e-04
    SR95         0.000e+00         3.904e-04            0.000e+00          7.579e-05
    SR96         0.000e+00         3.912e-05            0.000e+00          7.816e-06
    SR97         0.000e+00         1.038e-06            0.000e+00          2.169e-07
    SR98         0.000e+00         1.936e-06            0.000e+00          4.324e-07
    SR99         0.000e+00         4.403e-07            0.000e+00          1.022e-07
   SR100         0.000e+00         1.882e-07            0.000e+00          4.467e-08
   SR101         0.000e+00         6.960e-09            0.000e+00          1.686e-09
   SR102         0.000e+00         1.164e-09            0.000e+00          2.813e-10
   SR103         0.000e+00         1.333e-11            0.000e+00          3.178e-12
   SR104         0.000e+00         8.081e-13            0.000e+00          1.899e-13
     Y89         0.000e+00         5.658e+02            0.000e+00          2.218e+02
    Y89M         0.000e+00         2.533e-10            0.000e+00          4.280e-11
     Y90         0.000e+00         1.850e-01            0.000e+00          6.442e-02
    Y90M         0.000e+00         5.165e-06            0.000e+00          8.722e-07
     Y91         0.000e+00         5.850e+01            0.000e+00          1.155e+01
    Y91M         0.000e+00         1.999e-02            0.000e+00          3.991e-03
     Y92         0.000e+00         1.769e-01            0.000e+00          3.463e-02
     Y93         0.000e+00         6.374e-01            0.000e+00          1.225e-01
     Y94         0.000e+00         2.144e-02            0.000e+00          4.026e-03
     Y95         0.000e+00         1.341e-02            0.000e+00          2.522e-03
     Y96         0.000e+00         2.774e-03            0.000e+00          5.207e-04
     Y97         0.000e+00         1.907e-05            0.000e+00          3.620e-06
     Y98         0.000e+00         3.573e-06            0.000e+00          6.952e-07
     Y99         0.000e+00         5.646e-06            0.000e+00          1.138e-06
    Y100         0.000e+00         2.492e-06            0.000e+00          5.207e-07
    Y101         0.000e+00         1.081e-06            0.000e+00          2.402e-07
    Y102         0.000e+00         8.621e-08            0.000e+00          1.940e-08
    Y103         0.000e+00         1.893e-08            0.000e+00          4.294e-09
    Y104         0.000e+00         7.189e-10            0.000e+00          1.600e-10
    Y105         0.000e+00         3.890e-11            0.000e+00          9.463e-12
    Y107         0.000e+00         9.092e-15            0.000e+00          2.319e-15
    ZR90         0.000e+00         2.922e+01            0.000e+00          1.915e+01
   ZR90M         0.000e+00         1.461e-13            0.000e+00          2.461e-14
    ZR91         0.000e+00         7.752e+02            0.000e+00          2.974e+02
    ZR92         0.000e+00         1.017e+03            0.000e+00          3.597e+02
    ZR93         0.000e+00         1.272e+03            0.000e+00          4.337e+02
    ZR94         0.000e+00         1.385e+03            0.000e+00          4.447e+02
    ZR95         0.000e+00         1.217e+02            0.000e+00          2.248e+01
    ZR96         0.000e+00         1.671e+03            0.000e+00          5.300e+02
    ZR97         0.000e+00         1.485e+00            0.000e+00          2.723e-01
    ZR98         0.000e+00         7.882e-04            0.000e+00          1.445e-04
    ZR99         0.000e+00         5.984e-05            0.000e+00          1.094e-05
   ZR100         0.000e+00         1.616e-04            0.000e+00          2.981e-05
   ZR101         0.000e+00         4.578e-05            0.000e+00          8.753e-06
   ZR102         0.000e+00         2.478e-04            0.000e+00          4.809e-05
   ZR103         0.000e+00         5.753e-06            0.000e+00          1.144e-06
   ZR104         0.000e+00         3.127e-06            0.000e+00          6.257e-07
   ZR105         0.000e+00         5.816e-08            0.000e+00          1.250e-08
   ZR106         0.000e+00         8.364e-09            0.000e+00          1.722e-09
   ZR107         0.000e+00         1.016e-10            0.000e+00          2.213e-11
   ZR108         0.000e+00         1.155e-10            0.000e+00          2.886e-11
   ZR109         0.000e+00         3.070e-12            0.000e+00          7.590e-13
    NB92         0.000e+00         2.293e-10            0.000e+00          3.787e-11
    NB93         0.000e+00         1.911e-04            0.000e+00          9.905e-05
   NB93M         0.000e+00         9.445e-04            0.000e+00          5.104e-04
    NB94         0.000e+00         5.943e-03            0.000e+00          1.373e-03
   NB94M         0.000e+00         1.582e-08            0.000e+00          2.667e-09
    NB95         0.000e+00         6.673e+01            0.000e+00          1.227e+01
   NB95M         0.000e+00         4.865e-02            0.000e+00          8.948e-03
    NB96         0.000e+00         1.018e-02            0.000e+00          7.883e-04
    NB97         0.000e+00         1.064e-01            0.000e+00          1.952e-02
   NB97M         0.000e+00         1.391e-03            0.000e+00          2.550e-04
    NB98         0.000e+00         7.249e-05            0.000e+00          1.328e-05
   NB98M         0.000e+00         1.340e-03            0.000e+00          2.270e-04
    NB99         0.000e+00         3.773e-04            0.000e+00          6.874e-05
   NB99M         0.000e+00         2.289e-04            0.000e+00          3.897e-05
   NB100         0.000e+00         3.641e-05            0.000e+00          6.602e-06
  NB100M         0.000e+00         3.656e-05            0.000e+00          6.627e-06
   NB101         0.000e+00         1.848e-04            0.000e+00          3.371e-05
   NB102         0.000e+00         7.414e-05            0.000e+00          1.345e-05
   NB103         0.000e+00         2.639e-04            0.000e+00          4.770e-05
   NB104         0.000e+00         8.679e-06            0.000e+00          1.560e-06
   NB105         0.000e+00         4.651e-06            0.000e+00          8.573e-07
   NB106         0.000e+00         3.315e-07            0.000e+00          5.840e-08
   NB107         0.000e+00         5.751e-08            0.000e+00          9.962e-09
   NB108         0.000e+00         7.467e-09            0.000e+00          1.815e-09
   NB109         0.000e+00         2.274e-09            0.000e+00          5.387e-10
   NB110         0.000e+00         1.059e-10            0.000e+00          2.627e-11
   NB111         0.000e+00         1.135e-11            0.000e+00          2.820e-12
    MO95         0.000e+00         1.351e+03            0.000e+00          4.691e+02
    MO96         0.000e+00         6.096e+01            0.000e+00          1.368e+01
    MO97         0.000e+00         1.714e+03            0.000e+00          5.418e+02
    MO98         0.000e+00         1.962e+03            0.000e+00          5.995e+02
    MO99         0.000e+00         6.838e+00            0.000e+00          1.225e+00
   MO100         0.000e+00         2.227e+03            0.000e+00          6.710e+02
   MO101         0.000e+00         2.800e-02            0.000e+00          4.996e-03
   MO102         0.000e+00         2.124e-02            0.000e+00          3.797e-03
   MO103         0.000e+00         1.900e-03            0.000e+00          3.340e-04
   MO104         0.000e+00         2.738e-03            0.000e+00          4.735e-04
   MO105         0.000e+00         1.010e-03            0.000e+00          1.737e-04
   MO106         0.000e+00         9.774e-05            0.000e+00          1.622e-05
   MO107         0.000e+00         2.306e-05            0.000e+00          3.650e-06
   MO108         0.000e+00         1.548e-06            0.000e+00          2.964e-07
   MO109         0.000e+00         5.282e-07            0.000e+00          1.059e-07
   MO110         0.000e+00         1.691e-07            0.000e+00          4.018e-08
   MO111         0.000e+00         7.546e-09            0.000e+00          1.853e-09
   MO112         0.000e+00         2.438e-09            0.000e+00          6.036e-10
   MO113         0.000e+00         5.024e-11            0.000e+00          1.244e-11
   MO114         0.000e+00         8.416e-12            0.000e+00          2.089e-12
   MO115         0.000e+00         2.055e-13            0.000e+00          5.103e-14
    TC98         0.000e+00         1.254e-01            0.000e+00          2.522e-02
    TC99         0.000e+00         1.925e+03            0.000e+00          5.979e+02
   TC99M         0.000e+00         5.461e-01            0.000e+00          9.777e-02
   TC100         0.000e+00         6.041e-05            0.000e+00          5.979e-06
   TC101         0.000e+00         2.721e-02            0.000e+00          4.854e-03
   TC102         0.000e+00         1.687e-04            0.000e+00          3.016e-05
  TC102M         0.000e+00         1.566e-05            0.000e+00          2.646e-06
   TC103         0.000e+00         1.620e-03            0.000e+00          2.843e-04
   TC104         0.000e+00         3.424e-02            0.000e+00          5.907e-03
   TC105         0.000e+00         1.175e-02            0.000e+00          2.007e-03
   TC106         0.000e+00         7.430e-04            0.000e+00          1.232e-04
   TC107         0.000e+00         3.259e-04            0.000e+00          5.207e-05
   TC108         0.000e+00         2.835e-05            0.000e+00          4.606e-06
   TC109         0.000e+00         1.799e-04            0.000e+00          3.083e-05
   TC110         0.000e+00         6.212e-07            0.000e+00          1.205e-07
   TC111         0.000e+00         3.565e-07            0.000e+00          7.806e-08
   TC112         0.000e+00         3.263e-08            0.000e+00          7.718e-09
   TC113         0.000e+00         1.135e-08            0.000e+00          2.737e-09
   TC114         0.000e+00         9.689e-10            0.000e+00          2.385e-10
   TC115         0.000e+00         2.656e-10            0.000e+00          6.571e-11
   TC116         0.000e+00         7.919e-12            0.000e+00          1.964e-12
   TC117         0.000e+00         4.282e-13            0.000e+00          1.066e-13
    RU99         0.000e+00         1.008e-02            0.000e+00          5.372e-03
   RU100         0.000e+00         1.368e+02            0.000e+00          2.764e+01
   RU101         0.000e+00         2.134e+03            0.000e+00          6.509e+02
   RU102         0.000e+00         2.441e+03            0.000e+00          7.065e+02
   RU103         0.000e+00         1.160e+02            0.000e+00          1.969e+01
   RU104         0.000e+00         2.259e+03            0.000e+00          6.170e+02
   RU105         0.000e+00         4.178e-01            0.000e+00          6.962e-02
   RU106         0.000e+00         6.263e+02            0.000e+00          1.081e+02
   RU107         0.000e+00         3.880e-03            0.000e+00          6.200e-04
   RU108         0.000e+00         2.914e-03            0.000e+00          4.661e-04
   RU109         0.000e+00         2.769e-04            0.000e+00          4.481e-05
   RU110         0.000e+00         4.992e-05            0.000e+00          8.315e-06
   RU111         0.000e+00         2.398e-05            0.000e+00          4.232e-06
   RU112         0.000e+00         4.832e-07            0.000e+00          9.458e-08
   RU113         0.000e+00         1.024e-06            0.000e+00          2.212e-07
   RU114         0.000e+00         8.526e-07            0.000e+00          1.980e-07
   RU115         0.000e+00         5.797e-08            0.000e+00          1.401e-08
   RU116         0.000e+00         2.497e-08            0.000e+00          6.118e-09
   RU117         0.000e+00         7.873e-10            0.000e+00          1.976e-10
   RU118         0.000e+00         1.104e-08            0.000e+00          2.744e-09
   RU120         0.000e+00         1.119e-12            0.000e+00          2.756e-13
   RH102         0.000e+00         3.858e-02            0.000e+00          5.887e-03
   RH103         0.000e+00         2.054e+03            0.000e+00          6.077e+02
  RH103M         0.000e+00         1.038e-01            0.000e+00          1.759e-02
   RH104         0.000e+00         3.042e-04            0.000e+00          2.868e-05
  RH104M         0.000e+00         3.004e-04            0.000e+00          2.832e-05
   RH105         0.000e+00         3.313e+00            0.000e+00          5.542e-01
  RH105M         0.000e+00         3.294e-04            0.000e+00          5.490e-05
   RH106         0.000e+00         5.891e-04            0.000e+00          1.016e-04
  RH106M         0.000e+00         8.828e-04            0.000e+00          5.094e-05
   RH107         0.000e+00         2.014e-02            0.000e+00          3.219e-03
   RH108         0.000e+00         1.835e-04            0.000e+00          2.937e-05
  RH108M         0.000e+00         4.767e-05            0.000e+00          7.729e-06
   RH109         0.000e+00         7.362e-04            0.000e+00          1.188e-04
  RH109M         0.000e+00         2.045e-04            0.000e+00          3.299e-05
   RH110         0.000e+00         9.784e-05            0.000e+00          1.619e-05
  RH110M         0.000e+00         7.605e-07            0.000e+00          1.170e-07
   RH111         0.000e+00         1.342e-04            0.000e+00          2.281e-05
   RH112         0.000e+00         5.945e-06            0.000e+00          1.063e-06
   RH113         0.000e+00         7.308e-07            0.000e+00          1.407e-07
   RH114         0.000e+00         8.272e-07            0.000e+00          1.699e-07
   RH115         0.000e+00         2.165e-06            0.000e+00          4.800e-07
   RH116         0.000e+00         1.361e-07            0.000e+00          3.158e-08
   RH117         0.000e+00         7.895e-08            0.000e+00          2.052e-08
   RH118         0.000e+00         4.121e-08            0.000e+00          1.018e-08
   RH119         0.000e+00         6.108e-09            0.000e+00          1.280e-09
   RH120         0.000e+00         2.813e-10            0.000e+00          6.833e-11
   RH121         0.000e+00         6.098e-11            0.000e+00          1.489e-11
   RH122         0.000e+00         3.552e-12            0.000e+00          8.706e-13
   RH123         0.000e+00         3.902e-13            0.000e+00          9.627e-14
   PD104         0.000e+00         2.450e+02            0.000e+00          4.573e+01
   PD105         0.000e+00         1.644e+03            0.000e+00          4.556e+02
   PD106         0.000e+00         1.164e+03            0.000e+00          3.260e+02
   PD107         0.000e+00         1.048e+03            0.000e+00          2.587e+02
  PD107M         0.000e+00         4.332e-08            0.000e+00          3.961e-09
   PD108         0.000e+00         8.730e+02            0.000e+00          2.006e+02
   PD109         0.000e+00         4.301e-01            0.000e+00          6.643e-02
  PD109M         0.000e+00         1.158e-03            0.000e+00          1.862e-04
   PD110         0.000e+00         2.595e+02            0.000e+00          6.808e+01
   PD111         0.000e+00         3.063e-03            0.000e+00          5.023e-04
  PD111M         0.000e+00         6.858e-04            0.000e+00          1.046e-04
   PD112         0.000e+00         9.784e-02            0.000e+00          1.733e-02
   PD113         0.000e+00         9.079e-05            0.000e+00          1.687e-05
   PD114         0.000e+00         1.079e-04            0.000e+00          2.066e-05
   PD115         0.000e+00         2.738e-05            0.000e+00          5.459e-06
   PD116         0.000e+00         7.135e-06            0.000e+00          1.476e-06
   PD117         0.000e+00         2.130e-06            0.000e+00          4.658e-07
   PD118         0.000e+00         1.130e-06            0.000e+00          2.529e-07
   PD119         0.000e+00         5.296e-07            0.000e+00          1.083e-07
   PD120         0.000e+00         4.210e-07            0.000e+00          9.823e-08
   PD121         0.000e+00         2.411e-08            0.000e+00          5.727e-09
   PD122         0.000e+00         1.514e-08            0.000e+00          3.640e-09
   PD123         0.000e+00         8.444e-10            0.000e+00          2.054e-10
   PD124         0.000e+00         2.874e-10            0.000e+00          6.838e-11
   PD126         0.000e+00         2.200e-12            0.000e+00          5.061e-13
   AG106         0.000e+00         1.838e-10            0.000e+00          2.341e-11
   AG107         0.000e+00         1.758e-04            0.000e+00          7.039e-05
   AG108         0.000e+00         1.201e-07            0.000e+00          9.334e-09
  AG108M         0.000e+00         1.008e-05            0.000e+00          2.257e-06
   AG109         0.000e+00         5.657e+02            0.000e+00          1.378e+02
  AG109M         0.000e+00         3.514e-04            0.000e+00          5.423e-05
   AG110         0.000e+00         2.956e-05            0.000e+00          2.295e-06
  AG110M         0.000e+00         4.205e+00            0.000e+00          3.852e-01
   AG111         0.000e+00         1.500e+00            0.000e+00          2.459e-01
  AG111M         0.000e+00         1.504e-04            0.000e+00          2.464e-05
   AG112         0.000e+00         1.530e-02            0.000e+00          2.704e-03
   AG113         0.000e+00         1.736e-02            0.000e+00          3.225e-03
  AG113M         0.000e+00         6.764e-06            0.000e+00          1.254e-06
   AG114         0.000e+00         3.446e-06            0.000e+00          6.576e-07
   AG115         0.000e+00         6.551e-04            0.000e+00          1.298e-04
  AG115M         0.000e+00         3.648e-06            0.000e+00          7.152e-07
   AG116         0.000e+00         4.720e-05            0.000e+00          9.535e-06
  AG116M         0.000e+00         3.052e-06            0.000e+00          6.170e-07
   AG117         0.000e+00         2.106e-05            0.000e+00          4.353e-06
  AG117M         0.000e+00         1.525e-06            0.000e+00          3.151e-07
   AG118         0.000e+00         1.406e-06            0.000e+00          2.879e-07
  AG118M         0.000e+00         7.546e-07            0.000e+00          1.545e-07
   AG119         0.000e+00         3.366e-06            0.000e+00          6.766e-07
   AG120         0.000e+00         4.121e-07            0.000e+00          8.902e-08
   AG121         0.000e+00         7.314e-07            0.000e+00          1.632e-07
   AG122         0.000e+00         1.491e-08            0.000e+00          3.420e-09
   AG123         0.000e+00         6.749e-08            0.000e+00          1.574e-08
   AG124         0.000e+00         9.520e-09            0.000e+00          2.189e-09
   AG125         0.000e+00         4.262e-09            0.000e+00          9.596e-10
   AG126         0.000e+00         5.098e-10            0.000e+00          1.138e-10
   AG128         0.000e+00         1.400e-11            0.000e+00          3.026e-12
   CD108         0.000e+00         2.925e-02            0.000e+00          4.257e-03
   CD109         0.000e+00         4.144e-04            0.000e+00          2.915e-05
   CD110         0.000e+00         4.768e+01            0.000e+00          7.173e+00
   CD111         0.000e+00         1.545e+02            0.000e+00          4.468e+01
  CD111M         0.000e+00         3.531e-07            0.000e+00          1.692e-08
   CD112         0.000e+00         1.043e+02            0.000e+00          3.308e+01
   CD113         0.000e+00         7.235e+01            0.000e+00          2.598e+01
  CD113M         0.000e+00         1.423e+00            0.000e+00          4.413e-01
   CD114         0.000e+00         5.724e+01            0.000e+00          2.141e+01
   CD115         0.000e+00         1.470e-01            0.000e+00          2.797e-02
  CD115M         0.000e+00         2.694e-01            0.000e+00          5.254e-02
   CD116         0.000e+00         4.256e+01            0.000e+00          1.799e+01
   CD117         0.000e+00         3.785e-03            0.000e+00          7.646e-04
  CD117M         0.000e+00         2.579e-03            0.000e+00          5.284e-04
   CD118         0.000e+00         1.804e-03            0.000e+00          3.627e-04
   CD119         0.000e+00         1.694e-04            0.000e+00          3.393e-05
  CD119M         0.000e+00         5.767e-05            0.000e+00          1.155e-05
   CD120         0.000e+00         2.991e-05            0.000e+00          6.056e-06
   CD121         0.000e+00         7.449e-06            0.000e+00          1.529e-06
   CD122         0.000e+00         3.032e-06            0.000e+00          6.375e-07
   CD123         0.000e+00         4.452e-06            0.000e+00          9.447e-07
   CD124         0.000e+00         8.073e-06            0.000e+00          1.726e-06
   CD125         0.000e+00         5.620e-07            0.000e+00          1.174e-07
   CD126         0.000e+00         8.382e-07            0.000e+00          1.777e-07
   CD127         0.000e+00         7.313e-08            0.000e+00          1.459e-08
   CD128         0.000e+00         5.315e-08            0.000e+00          1.073e-08
   CD129         0.000e+00         6.394e-09            0.000e+00          1.420e-09
   CD130         0.000e+00         9.165e-09            0.000e+00          2.188e-09
   CD131         0.000e+00         3.689e-10            0.000e+00          9.005e-11
   CD132         0.000e+00         4.213e-11            0.000e+00          1.040e-11
   IN113         0.000e+00         9.680e-02            0.000e+00          5.984e-02
  IN113M         0.000e+00         9.454e-13            0.000e+00          1.564e-13
   IN114         0.000e+00         2.665e-08            0.000e+00          5.341e-09
  IN114M         0.000e+00         4.742e-04            0.000e+00          9.890e-05
   IN115         0.000e+00         3.032e+01            0.000e+00          1.429e+01
  IN115M         0.000e+00         1.184e-02            0.000e+00          2.253e-03
   IN116         0.000e+00         8.823e-07            0.000e+00          1.325e-07
  IN116M         0.000e+00         1.758e-03            0.000e+00          2.642e-04
   IN117         0.000e+00         9.680e-04            0.000e+00          1.967e-04
  IN117M         0.000e+00         3.274e-03            0.000e+00          6.633e-04
   IN118         0.000e+00         2.992e-06            0.000e+00          6.010e-07
  IN118M         0.000e+00         9.972e-08            0.000e+00          1.674e-08
   IN119         0.000e+00         2.593e-05            0.000e+00          5.192e-06
  IN119M         0.000e+00         4.867e-04            0.000e+00          9.746e-05
   IN120         0.000e+00         1.343e-05            0.000e+00          2.709e-06
  IN120M         0.000e+00         9.321e-07            0.000e+00          1.879e-07
   IN121         0.000e+00         1.403e-05            0.000e+00          2.858e-06
  IN121M         0.000e+00         2.545e-05            0.000e+00          5.085e-06
   IN122         0.000e+00         6.031e-06            0.000e+00          1.253e-06
  IN122M         0.000e+00         7.854e-08            0.000e+00          1.427e-08
   IN123         0.000e+00         3.067e-06            0.000e+00          6.334e-07
  IN123M         0.000e+00         1.092e-05            0.000e+00          2.178e-06
   IN124         0.000e+00         2.669e-06            0.000e+00          5.454e-07
   IN125         0.000e+00         1.305e-06            0.000e+00          2.580e-07
  IN125M         0.000e+00         5.073e-06            0.000e+00          9.864e-07
   IN126         0.000e+00         1.593e-06            0.000e+00          3.157e-07
   IN127         0.000e+00         1.075e-06            0.000e+00          2.064e-07
  IN127M         0.000e+00         1.957e-06            0.000e+00          3.758e-07
   IN128         0.000e+00         2.763e-06            0.000e+00          5.382e-07
   IN129         0.000e+00         5.293e-07            0.000e+00          1.063e-07
   IN130         0.000e+00         3.530e-07            0.000e+00          7.399e-08
   IN131         0.000e+00         7.791e-08            0.000e+00          1.734e-08
   IN132         0.000e+00         7.765e-09            0.000e+00          1.845e-09
   IN133         0.000e+00         1.041e-09            0.000e+00          2.548e-10
   IN134         0.000e+00         4.746e-11            0.000e+00          1.173e-11
   SN114         0.000e+00         8.375e-03            0.000e+00          3.370e-03
   SN115         0.000e+00         1.953e+00            0.000e+00          7.919e-01
   SN116         0.000e+00         2.566e+01            0.000e+00          8.444e+00
   SN117         0.000e+00         4.321e+01            0.000e+00          1.858e+01
  SN117M         0.000e+00         2.378e-03            0.000e+00          2.491e-04
   SN118         0.000e+00         4.427e+01            0.000e+00          1.847e+01
   SN119         0.000e+00         4.430e+01            0.000e+00          1.846e+01
  SN119M         0.000e+00         2.107e-01            0.000e+00          4.285e-02
   SN120         0.000e+00         4.436e+01            0.000e+00          1.864e+01
   SN121         0.000e+00         6.159e-02            0.000e+00          1.245e-02
  SN121M         0.000e+00         4.583e-02            0.000e+00          1.092e-02
   SN122         0.000e+00         4.844e+01            0.000e+00          2.063e+01
   SN123         0.000e+00         1.750e+00            0.000e+00          3.434e-01
  SN123M         0.000e+00         1.479e-03            0.000e+00          3.025e-04
   SN124         0.000e+00         6.740e+01            0.000e+00          2.721e+01
   SN125         0.000e+00         3.843e-01            0.000e+00          7.621e-02
  SN125M         0.000e+00         5.386e-04            0.000e+00          1.040e-04
   SN126         0.000e+00         1.357e+02            0.000e+00          4.732e+01
   SN127         0.000e+00         1.655e-02            0.000e+00          3.097e-03
  SN127M         0.000e+00         2.725e-04            0.000e+00          4.975e-05
   SN128         0.000e+00         1.526e-02            0.000e+00          2.874e-03
   SN129         0.000e+00         1.328e-03            0.000e+00          2.448e-04
  SN129M         0.000e+00         4.435e-04            0.000e+00          8.176e-05
   SN130         0.000e+00         1.920e-03            0.000e+00          3.570e-04
   SN131         0.000e+00         4.580e-04            0.000e+00          8.722e-05
   SN132         0.000e+00         1.355e-04            0.000e+00          2.794e-05
   SN133         0.000e+00         1.545e-06            0.000e+00          3.490e-07
   SN134         0.000e+00         1.738e-07            0.000e+00          4.123e-08
   SN135         0.000e+00         7.311e-09            0.000e+00          1.777e-09
   SN136         0.000e+00         1.037e-09            0.000e+00          2.554e-10
   SB121         0.000e+00         4.319e+01            0.000e+00          1.847e+01
   SB122         0.000e+00         2.071e-02            0.000e+00          2.822e-03
  SB122M         0.000e+00         1.348e-07            0.000e+00          1.844e-08
   SB123         0.000e+00         5.256e+01            0.000e+00          2.235e+01
   SB124         0.000e+00         2.862e-01            0.000e+00          4.088e-02
   SB125         0.000e+00         6.720e+01            0.000e+00          1.901e+01
   SB126         0.000e+00         1.168e-01            0.000e+00          1.346e-02
  SB126M         0.000e+00         2.412e-05            0.000e+00          4.290e-06
   SB127         0.000e+00         1.180e+00            0.000e+00          2.183e-01
   SB128         0.000e+00         1.601e-02            0.000e+00          2.872e-03
  SB128M         0.000e+00         2.994e-03            0.000e+00          5.614e-04
   SB129         0.000e+00         1.354e-01            0.000e+00          2.457e-02
   SB130         0.000e+00         6.531e-03            0.000e+00          1.145e-03
  SB130M         0.000e+00         4.279e-03            0.000e+00          7.852e-04
   SB131         0.000e+00         2.749e-02            0.000e+00          4.990e-03
   SB132         0.000e+00         1.754e-03            0.000e+00          3.325e-04
  SB132M         0.000e+00         1.779e-03            0.000e+00          3.226e-04
   SB133         0.000e+00         1.521e-03            0.000e+00          2.977e-04
   SB134         0.000e+00         2.432e-05            0.000e+00          5.029e-06
  SB134M         0.000e+00         2.145e-05            0.000e+00          4.370e-06
   SB135         0.000e+00         1.919e-06            0.000e+00          4.176e-07
   SB136         0.000e+00         5.934e-08            0.000e+00          1.375e-08
   SB137         0.000e+00         1.455e-08            0.000e+00          3.525e-09
   SB138         0.000e+00         9.326e-10            0.000e+00          2.310e-10
   SB139         0.000e+00         9.671e-11            0.000e+00          2.393e-11
   TE122         0.000e+00         3.033e+00            0.000e+00          9.560e-01
   TE123         0.000e+00         1.135e-01            0.000e+00          2.775e-02
  TE123M         0.000e+00         5.203e-03            0.000e+00          6.149e-04
   TE124         0.000e+00         1.810e+00            0.000e+00          6.092e-01
   TE125         0.000e+00         3.019e+01            0.000e+00          1.731e+01
  TE125M         0.000e+00         8.475e-01            0.000e+00          2.475e-01
   TE126         0.000e+00         7.616e+00            0.000e+00          2.136e+00
   TE127         0.000e+00         1.188e-01            0.000e+00          2.197e-02
  TE127M         0.000e+00         4.566e+00            0.000e+00          8.377e-01
   TE128         0.000e+00         3.856e+02            0.000e+00          1.266e+02
   TE129         0.000e+00         3.642e-02            0.000e+00          6.555e-03
  TE129M         0.000e+00         3.736e+00            0.000e+00          6.705e-01
   TE130         0.000e+00         1.073e+03            0.000e+00          3.274e+02
   TE131         0.000e+00         3.249e-02            0.000e+00          5.856e-03
  TE131M         0.000e+00         4.005e-01            0.000e+00          7.111e-02
   TE132         0.000e+00         9.172e+00            0.000e+00          1.655e+00
   TE133         0.000e+00         1.944e-02            0.000e+00          3.584e-03
  TE133M         0.000e+00         4.686e-02            0.000e+00          8.341e-03
   TE134         0.000e+00         8.285e-02            0.000e+00          1.528e-02
   TE135         0.000e+00         3.793e-04            0.000e+00          7.070e-05
   TE136         0.000e+00         1.773e-04            0.000e+00          3.480e-05
   TE137         0.000e+00         1.005e-05            0.000e+00          2.145e-06
   TE138         0.000e+00         1.167e-06            0.000e+00          2.821e-07
   TE139         0.000e+00         7.752e-08            0.000e+00          1.850e-08
   TE140         0.000e+00         1.900e-08            0.000e+00          4.636e-09
   TE141         0.000e+00         2.930e-10            0.000e+00          7.183e-11
   TE142         0.000e+00         7.524e-11            0.000e+00          1.865e-11
    I127         0.000e+00         2.347e+02            0.000e+00          7.842e+01
    I128         0.000e+00         7.816e-04            0.000e+00          8.320e-05
    I129         0.000e+00         6.214e+02            0.000e+00          1.936e+02
    I130         0.000e+00         4.723e-02            0.000e+00          4.733e-03
   I130M         0.000e+00         5.982e-05            0.000e+00          6.206e-06
    I131         0.000e+00         1.708e+01            0.000e+00          3.075e+00
    I132         0.000e+00         2.758e-01            0.000e+00          4.974e-02
    I133         0.000e+00         3.180e+00            0.000e+00          5.768e-01
   I133M         0.000e+00         1.766e-05            0.000e+00          3.046e-06
    I134         0.000e+00         1.436e-01            0.000e+00          2.604e-02
   I134M         0.000e+00         1.330e-03            0.000e+00          2.306e-04
    I135         0.000e+00         9.887e-01            0.000e+00          1.780e-01
    I136         0.000e+00         1.607e-03            0.000e+00          2.974e-04
   I136M         0.000e+00         5.033e-04            0.000e+00          8.912e-05
    I137         0.000e+00         4.309e-04            0.000e+00          8.115e-05
    I138         0.000e+00         5.613e-05            0.000e+00          1.111e-05
    I139         0.000e+00         8.948e-06            0.000e+00          1.867e-06
    I140         0.000e+00         9.361e-07            0.000e+00          2.072e-07
    I141         0.000e+00         8.688e-08            0.000e+00          1.992e-08
    I142         0.000e+00         8.327e-09            0.000e+00          2.020e-09
    I143         0.000e+00         1.010e-09            0.000e+00          2.456e-10
    I144         0.000e+00         3.673e-11            0.000e+00          9.072e-12
   XE127         0.000e+00         7.394e-05            0.000e+00          5.470e-06
   XE128         0.000e+00         1.740e+01            0.000e+00          3.865e+00
   XE129         0.000e+00         2.968e-01            0.000e+00          4.720e-02
  XE129M         0.000e+00         6.757e-05            0.000e+00          4.786e-06
   XE130         0.000e+00         4.006e+01            0.000e+00          8.161e+00
   XE131         0.000e+00         1.718e+03            0.000e+00          5.202e+02
  XE131M         0.000e+00         2.810e-01            0.000e+00          5.053e-02
   XE132         0.000e+00         2.457e+03            0.000e+00          7.338e+02
   XE133         0.000e+00         1.973e+01            0.000e+00          3.548e+00
  XE133M         0.000e+00         2.763e-01            0.000e+00          4.973e-02
   XE134         0.000e+00         3.372e+03            0.000e+00          1.028e+03
  XE134M         0.000e+00         1.252e-07            0.000e+00          2.148e-08
   XE135         0.000e+00         1.536e+00            0.000e+00          2.742e-01
  XE135M         0.000e+00         8.467e-03            0.000e+00          1.510e-03
   XE136         0.000e+00         3.233e+03            0.000e+00          9.591e+02
   XE137         0.000e+00         8.640e-03            0.000e+00          1.559e-03
   XE138         0.000e+00         2.643e-02            0.000e+00          4.868e-03
   XE139         0.000e+00         1.095e-03            0.000e+00          2.004e-04
   XE140         0.000e+00         2.200e-04            0.000e+00          4.149e-05
   XE141         0.000e+00         1.227e-05            0.000e+00          2.344e-06
   XE142         0.000e+00         2.912e-06            0.000e+00          6.278e-07
   XE143         0.000e+00         1.343e-07            0.000e+00          2.935e-08
   XE144         0.000e+00         9.062e-08            0.000e+00          2.144e-08
   XE145         0.000e+00         1.132e-08            0.000e+00          2.745e-09
   XE146         0.000e+00         7.686e-10            0.000e+00          1.888e-10
   XE147         0.000e+00         2.121e-11            0.000e+00          5.264e-12
   CS132         0.000e+00         3.710e-03            0.000e+00          3.671e-04
   CS133         0.000e+00         2.893e+03            0.000e+00          8.994e+02
   CS134         0.000e+00         1.635e+02            0.000e+00          2.536e+01
  CS134M         0.000e+00         7.522e-03            0.000e+00          7.456e-04
   CS135         0.000e+00         3.383e+03            0.000e+00          9.941e+02
  CS135M         0.000e+00         1.589e-04            0.000e+00          1.278e-05
   CS136         0.000e+00         1.953e+00            0.000e+00          2.510e-01
   CS137         0.000e+00         2.870e+03            0.000e+00          8.331e+02
   CS138         0.000e+00         7.835e-02            0.000e+00          1.419e-02
  CS138M         0.000e+00         3.614e-04            0.000e+00          6.267e-05
   CS139         0.000e+00         2.116e-02            0.000e+00          3.854e-03
   CS140         0.000e+00         2.067e-03            0.000e+00          3.779e-04
   CS141         0.000e+00         6.556e-04            0.000e+00          1.210e-04
   CS142         0.000e+00         2.494e-05            0.000e+00          4.770e-06
   CS143         0.000e+00         1.120e-05            0.000e+00          2.194e-06
   CS144         0.000e+00         2.420e-06            0.000e+00          5.082e-07
   CS145         0.000e+00         3.400e-07            0.000e+00          7.451e-08
   CS146         0.000e+00         1.987e-08            0.000e+00          4.564e-09
   CS147         0.000e+00         1.258e-08            0.000e+00          3.053e-09
   CS148         0.000e+00         3.255e-10            0.000e+00          8.001e-11
   CS150         0.000e+00         2.017e-13            0.000e+00          4.992e-14
   BA132         0.000e+00         4.805e-03            0.000e+00          9.669e-04
   BA134         0.000e+00         6.596e+01            0.000e+00          2.129e+01
   BA135         0.000e+00         6.047e-01            0.000e+00          1.320e-01
  BA135M         0.000e+00         8.690e-05            0.000e+00          9.000e-06
   BA136         0.000e+00         8.893e+01            0.000e+00          1.989e+01
  BA136M         0.000e+00         8.756e-08            0.000e+00          1.126e-08
   BA137         0.000e+00         1.124e+02            0.000e+00          5.516e+01
  BA137M         0.000e+00         4.400e-04            0.000e+00          1.277e-04
   BA138         0.000e+00         2.996e+03            0.000e+00          9.030e+02
   BA139         0.000e+00         1.911e-01            0.000e+00          3.477e-02
   BA140         0.000e+00         3.938e+01            0.000e+00          7.173e+00
   BA141         0.000e+00         4.005e-02            0.000e+00          7.296e-03
   BA142         0.000e+00         2.047e-02            0.000e+00          3.764e-03
   BA143         0.000e+00         3.665e-04            0.000e+00          6.808e-05
   BA144         0.000e+00         2.078e-04            0.000e+00          3.942e-05
   BA145         0.000e+00         6.442e-05            0.000e+00          1.250e-05
   BA146         0.000e+00         9.399e-06            0.000e+00          1.914e-06
   BA147         0.000e+00         2.524e-06            0.000e+00          5.470e-07
   BA148         0.000e+00         1.477e-06            0.000e+00          3.391e-07
   BA149         0.000e+00         3.094e-08            0.000e+00          7.348e-09
   BA150         0.000e+00         4.876e-09            0.000e+00          1.177e-09
   BA152         0.000e+00         6.102e-12            0.000e+00          1.504e-12
   LA138         0.000e+00         4.955e-03            0.000e+00          1.548e-03
   LA139         0.000e+00         2.790e+03            0.000e+00          8.573e+02
   LA140         0.000e+00         5.238e+00            0.000e+00          9.483e-01
   LA141         0.000e+00         5.200e-01            0.000e+00          9.473e-02
   LA142         0.000e+00         1.829e-01            0.000e+00          3.356e-02
   LA143         0.000e+00         2.523e-02            0.000e+00          4.661e-03
   LA144         0.000e+00         1.016e-03            0.000e+00          1.896e-04
   LA145         0.000e+00         5.754e-04            0.000e+00          1.075e-04
   LA146         0.000e+00         1.127e-04            0.000e+00          2.130e-05
   LA147         0.000e+00         6.852e-05            0.000e+00          1.315e-05
   LA148         0.000e+00         3.674e-06            0.000e+00          7.312e-07
   LA149         0.000e+00         2.371e-06            0.000e+00          4.911e-07
   LA150         0.000e+00         1.151e-07            0.000e+00          2.490e-08
   LA151         0.000e+00         2.511e-08            0.000e+00          5.619e-09
   LA152         0.000e+00         1.047e-09            0.000e+00          2.452e-10
   LA153         0.000e+00         1.627e-10            0.000e+00          3.953e-11
   LA154         0.000e+00         3.165e-12            0.000e+00          7.698e-13
   CE140         0.000e+00         2.582e+03            0.000e+00          7.996e+02
   CE141         0.000e+00         1.039e+02            0.000e+00          1.887e+01
   CE142         0.000e+00         2.390e+03            0.000e+00          7.410e+02
   CE143         0.000e+00         3.621e+00            0.000e+00          6.653e-01
   CE144         0.000e+00         6.030e+02            0.000e+00          1.162e+02
   CE145         0.000e+00         3.933e-03            0.000e+00          7.276e-04
   CE146         0.000e+00         1.559e-02            0.000e+00          2.889e-03
   CE147         0.000e+00         1.020e-03            0.000e+00          1.876e-04
   CE148         0.000e+00         4.801e-04            0.000e+00          8.814e-05
   CE149         0.000e+00         6.922e-06            0.000e+00          1.277e-06
   CE150         0.000e+00         3.388e-06            0.000e+00          6.350e-07
   CE151         0.000e+00         1.171e-06            0.000e+00          2.237e-07
   CE152         0.000e+00         4.282e-06            0.000e+00          8.557e-07
   CE153         0.000e+00         1.040e-07            0.000e+00          2.264e-08
   CE154         0.000e+00         2.934e-08            0.000e+00          6.463e-09
   CE155         0.000e+00         7.335e-10            0.000e+00          1.650e-10
   CE156         0.000e+00         1.139e-10            0.000e+00          2.601e-11
   CE157         0.000e+00         2.497e-12            0.000e+00          5.984e-13
   PR140         0.000e+00         9.198e-07            0.000e+00          9.211e-08
   PR141         0.000e+00         2.542e+03            0.000e+00          7.991e+02
   PR142         0.000e+00         1.111e-01            0.000e+00          1.114e-02
  PR142M         0.000e+00         5.869e-05            0.000e+00          5.876e-06
   PR143         0.000e+00         3.566e+01            0.000e+00          6.561e+00
   PR144         0.000e+00         2.551e-02            0.000e+00          4.907e-03
  PR144M         0.000e+00         1.275e-04            0.000e+00          2.455e-05
   PR145         0.000e+00         4.706e-01            0.000e+00          8.706e-02
   PR146         0.000e+00         2.670e-02            0.000e+00          4.946e-03
   PR147         0.000e+00         1.083e-02            0.000e+00          1.987e-03
   PR148         0.000e+00         1.730e-03            0.000e+00          3.155e-04
   PR149         0.000e+00         1.324e-03            0.000e+00          2.402e-04
   PR150         0.000e+00         8.530e-05            0.000e+00          1.541e-05
   PR151         0.000e+00         1.698e-05            0.000e+00          3.044e-06
   PR152         0.000e+00         1.769e-05            0.000e+00          3.178e-06
   PR153         0.000e+00         5.807e-06            0.000e+00          1.080e-06
   PR154         0.000e+00         2.999e-07            0.000e+00          5.573e-08
   PR155         0.000e+00         1.141e-07            0.000e+00          2.165e-08
   PR156         0.000e+00         6.435e-09            0.000e+00          1.235e-09
   PR157         0.000e+00         1.124e-09            0.000e+00          2.325e-10
   PR158         0.000e+00         2.825e-11            0.000e+00          6.236e-12
   PR159         0.000e+00         1.262e-12            0.000e+00          2.877e-13
   ND142         0.000e+00         5.898e+01            0.000e+00          1.212e+01
   ND143         0.000e+00         2.084e+03            0.000e+00          6.725e+02
   ND144         0.000e+00         1.358e+03            0.000e+00          5.095e+02
   ND145         0.000e+00         1.532e+03            0.000e+00          4.973e+02
   ND146         0.000e+00         1.389e+03            0.000e+00          4.408e+02
   ND147         0.000e+00         1.510e+01            0.000e+00          2.714e+00
   ND148         0.000e+00         8.931e+02            0.000e+00          2.808e+02
   ND149         0.000e+00         6.562e-02            0.000e+00          1.152e-02
   ND150         0.000e+00         5.389e+02            0.000e+00          1.647e+02
   ND151         0.000e+00         4.827e-03            0.000e+00          8.223e-04
   ND152         0.000e+00         3.173e-03            0.000e+00          5.531e-04
   ND153         0.000e+00         1.848e-04            0.000e+00          3.232e-05
   ND154         0.000e+00         6.918e-05            0.000e+00          1.189e-05
   ND155         0.000e+00         2.330e-05            0.000e+00          4.020e-06
   ND156         0.000e+00         2.307e-05            0.000e+00          3.959e-06
   ND157         0.000e+00         4.778e-07            0.000e+00          8.392e-08
   ND158         0.000e+00         1.345e-07            0.000e+00          2.407e-08
   ND159         0.000e+00         2.358e-09            0.000e+00          4.340e-10
   ND160         0.000e+00         2.626e-10            0.000e+00          5.156e-11
   ND161         0.000e+00         3.946e-12            0.000e+00          8.861e-13
   PM146         0.000e+00         1.707e-01            0.000e+00          2.952e-02
   PM147         0.000e+00         5.275e+02            0.000e+00          1.481e+02
   PM148         0.000e+00         1.346e+00            0.000e+00          1.210e-01
  PM148M         0.000e+00         1.254e+01            0.000e+00          1.171e+00
   PM149         0.000e+00         2.049e+00            0.000e+00          3.545e-01
   PM150         0.000e+00         3.084e-04            0.000e+00          2.337e-05
   PM151         0.000e+00         6.666e-01            0.000e+00          1.136e-01
   PM152         0.000e+00         1.150e-03            0.000e+00          2.001e-04
  PM152M         0.000e+00         3.227e-05            0.000e+00          5.429e-06
   PM153         0.000e+00         9.878e-04            0.000e+00          1.722e-04
   PM154         0.000e+00         3.368e-04            0.000e+00          5.763e-05
  PM154M         0.000e+00         2.710e-05            0.000e+00          4.497e-06
   PM155         0.000e+00         5.303e-05            0.000e+00          9.020e-06
   PM156         0.000e+00         1.156e-05            0.000e+00          1.934e-06
   PM157         0.000e+00         3.391e-05            0.000e+00          5.670e-06
   PM158         0.000e+00         6.701e-07            0.000e+00          1.110e-07
   PM159         0.000e+00         1.867e-07            0.000e+00          3.049e-08
   PM160         0.000e+00         8.450e-09            0.000e+00          1.417e-09
   PM161         0.000e+00         9.473e-10            0.000e+00          1.674e-10
   PM162         0.000e+00         1.006e-11            0.000e+00          2.039e-12
   SM146         0.000e+00         1.398e-01            0.000e+00          4.396e-02
   SM147         0.000e+00         2.687e+02            0.000e+00          1.372e+02
   SM148         0.000e+00         2.858e+02            0.000e+00          6.257e+01
   SM149         0.000e+00         6.236e+02            0.000e+00          1.993e+02
   SM150         0.000e+00         1.325e+02            0.000e+00          2.768e+01
   SM151         0.000e+00         3.406e+02            0.000e+00          1.065e+02
   SM152         0.000e+00         4.342e+02            0.000e+00          1.144e+02
   SM153         0.000e+00         6.591e-01            0.000e+00          1.017e-01
   SM154         0.000e+00         1.595e+02            0.000e+00          4.308e+01
   SM155         0.000e+00         2.215e-03            0.000e+00          3.606e-04
   SM156         0.000e+00         3.472e-02            0.000e+00          5.784e-03
   SM157         0.000e+00         3.598e-04            0.000e+00          5.948e-05
   SM158         0.000e+00         1.188e-03            0.000e+00          1.934e-04
   SM159         0.000e+00         3.889e-05            0.000e+00          6.170e-06
   SM160         0.000e+00         3.934e-05            0.000e+00          6.350e-06
   SM161         0.000e+00         3.312e-07            0.000e+00          5.310e-08
   SM162         0.000e+00         5.706e-08            0.000e+00          1.002e-08
   SM163         0.000e+00         7.798e-10            0.000e+00          1.479e-10
   SM164         0.000e+00         1.181e-10            0.000e+00          2.399e-11
   SM165         0.000e+00         1.580e-12            0.000e+00          3.347e-13
   EU150         0.000e+00         2.701e-04            0.000e+00          8.907e-05
   EU151         0.000e+00         2.874e+00            0.000e+00          1.769e+00
   EU152         0.000e+00         8.413e-01            0.000e+00          3.052e-01
  EU152M         0.000e+00         7.937e-04            0.000e+00          1.556e-04
   EU153         0.000e+00         1.865e+02            0.000e+00          5.598e+01
   EU154         0.000e+00         4.721e+01            0.000e+00          8.907e+00
   EU155         0.000e+00         7.856e+01            0.000e+00          1.887e+01
   EU156         0.000e+00         2.432e+00            0.000e+00          3.070e-01
   EU157         0.000e+00         4.141e-02            0.000e+00          6.838e-03
   EU158         0.000e+00         1.296e-03            0.000e+00          2.110e-04
   EU159         0.000e+00         3.031e-04            0.000e+00          4.798e-05
   EU160         0.000e+00         8.394e-06            0.000e+00          1.349e-06
   EU161         0.000e+00         2.765e-06            0.000e+00          4.398e-07
   EU162         0.000e+00         5.507e-06            0.000e+00          9.221e-07
   EU163         0.000e+00         6.677e-08            0.000e+00          1.154e-08
   EU164         0.000e+00         2.222e-09            0.000e+00          4.005e-10
   EU165         0.000e+00         4.027e-10            0.000e+00          7.502e-11
   GD152         0.000e+00         3.422e-01            0.000e+00          1.339e-01
   GD153         0.000e+00         8.163e-02            0.000e+00          1.288e-02
   GD154         0.000e+00         4.308e+00            0.000e+00          1.574e+00
   GD155         0.000e+00         1.670e+01            0.000e+00          7.214e+00
  GD155M         0.000e+00         1.156e-13            0.000e+00          1.346e-14
   GD156         0.000e+00         1.032e+02            0.000e+00          2.418e+01
   GD157         0.000e+00         4.092e+01            0.000e+00          1.140e+01
   GD158         0.000e+00         5.295e+01            0.000e+00          1.135e+01
   GD159         0.000e+00         2.301e-02            0.000e+00          3.261e-03
   GD160         0.000e+00         1.193e+01            0.000e+00          2.820e+00
   GD161         0.000e+00         1.875e-05            0.000e+00          2.783e-06
   GD162         0.000e+00         2.525e-05            0.000e+00          4.204e-06
   GD163         0.000e+00         1.604e-06            0.000e+00          2.701e-07
   GD164         0.000e+00         1.135e-05            0.000e+00          1.941e-06
   GD165         0.000e+00         3.142e-07            0.000e+00          5.423e-08
   TB159         0.000e+00         1.864e+01            0.000e+00          4.501e+00
   TB160         0.000e+00         5.793e-01            0.000e+00          4.612e-02
   TB161         0.000e+00         5.074e-02            0.000e+00          7.507e-03
   TB162         0.000e+00         1.876e-05            0.000e+00          3.123e-06
  TB162M         0.000e+00         1.163e-05            0.000e+00          1.937e-06
   TB163         0.000e+00         2.237e-05            0.000e+00          3.763e-06
   TB164         0.000e+00         2.069e-06            0.000e+00          3.525e-07
   TB165         0.000e+00         1.935e-07            0.000e+00          3.298e-08
   DY160         0.000e+00         2.616e+00            0.000e+00          4.282e-01
   DY161         0.000e+00         5.023e+00            0.000e+00          1.227e+00
   DY162         0.000e+00         4.155e+00            0.000e+00          9.355e-01
   DY163         0.000e+00         1.704e+00            0.000e+00          4.005e-01
   DY164         0.000e+00         9.699e-01            0.000e+00          2.374e-01
   DY165         0.000e+00         7.593e-05            0.000e+00          1.086e-05
  DY165M         0.000e+00         3.611e-07            0.000e+00          5.039e-08
   DY166         0.000e+00         1.248e-03            0.000e+00          2.034e-04
   HO165         0.000e+00         4.561e-01            0.000e+00          1.185e-01
   HO166         0.000e+00         6.748e-04            0.000e+00          8.876e-05
  HO166M         0.000e+00         4.816e-03            0.000e+00          8.053e-04
   ER166         0.000e+00         3.783e-01            0.000e+00          8.727e-02
   ER167         0.000e+00         1.381e-01            0.000e+00          3.483e-02
  ER167M         0.000e+00         2.591e-10            0.000e+00          1.907e-11
   ER168         0.000e+00         2.764e-02            0.000e+00          4.329e-03
   ER169         0.000e+00         5.609e-06            0.000e+00          2.799e-07
   ER170         0.000e+00         2.519e-08            0.000e+00          2.568e-09
   ER171         0.000e+00         9.464e-14            0.000e+00          3.074e-15
   ER172         0.000e+00         1.461e-17            0.000e+00          1.511e-19
   TM169         0.000e+00         1.316e-04            0.000e+00          1.488e-05
   TM170         0.000e+00         1.151e-05            0.000e+00          5.146e-07
  TM170M         0.000e+00         4.277e-19            0.000e+00          1.541e-20
   TM171         0.000e+00         4.920e-07            0.000e+00          1.376e-08
   TM172         0.000e+00         9.237e-11            0.000e+00          8.238e-13
   YB170         0.000e+00         1.679e-05            0.000e+00          1.724e-06
   YB171         0.000e+00         5.635e-07            0.000e+00          4.178e-08
   YB172         0.000e+00         1.998e-08            0.000e+00          9.262e-10
   TL207         0.000e+00         1.469e-16            0.000e+00          4.229e-16
   TL208         0.000e+00         6.998e-12            0.000e+00          6.314e-14
   TL209         0.000e+00         2.186e-17            0.000e+00          1.185e-19
   PB206         0.000e+00         2.902e-11            0.000e+00          1.471e-13
   PB207         0.000e+00         1.691e-11            0.000e+00          6.386e-11
   PB208         0.000e+00         3.757e-06            0.000e+00          3.891e-08
   PB209         0.000e+00         9.120e-14            0.000e+00          4.940e-16
   PB210         0.000e+00         1.022e-09            0.000e+00          3.357e-12
   PB211         0.000e+00         1.136e-15            0.000e+00          3.271e-15
   PB212         0.000e+00         4.128e-09            0.000e+00          3.725e-11
   PB214         0.000e+00         2.016e-16            0.000e+00          5.039e-18
   BI208         0.000e+00         6.195e-15            0.000e+00          2.178e-17
   BI209         0.000e+00         1.889e-10            0.000e+00          1.377e-12
   BI210         0.000e+00         6.288e-13            0.000e+00          2.066e-15
  BI210M         0.000e+00         1.992e-15            0.000e+00          7.003e-18
   BI211         0.000e+00         6.706e-17            0.000e+00          1.931e-16
   BI212         0.000e+00         3.915e-10            0.000e+00          3.534e-12
   BI213         0.000e+00         2.142e-14            0.000e+00          1.161e-16
   BI214         0.000e+00         1.497e-16            0.000e+00          3.741e-18
   PO210         0.000e+00         1.372e-11            0.000e+00          4.683e-14
   PO211         0.000e+00         8.235e-22            0.000e+00          2.369e-21
   PO213         0.000e+00         3.212e-23            0.000e+00          1.740e-25
   PO214         0.000e+00         3.252e-21            0.000e+00          1.019e-23
   PO215         0.000e+00         9.492e-22            0.000e+00          2.739e-21
   PO216         0.000e+00         1.647e-14            0.000e+00          1.487e-16
   PO218         0.000e+00         2.338e-17            0.000e+00          5.840e-19
   AT217         0.000e+00         2.573e-19            0.000e+00          1.393e-21
   RN218         0.000e+00         7.011e-19            0.000e+00          0.000e+00
   RN219         0.000e+00         2.150e-18            0.000e+00          6.206e-18
   RN220         0.000e+00         6.219e-12            0.000e+00          5.614e-14
   RN222         0.000e+00         4.297e-14            0.000e+00          1.075e-15
   FR221         0.000e+00         2.336e-15            0.000e+00          1.266e-17
   FR223         0.000e+00         6.046e-18            0.000e+00          2.875e-17
   RA222         0.000e+00         7.752e-16            0.000e+00          2.320e-18
   RA223         0.000e+00         5.463e-13            0.000e+00          1.577e-12
   RA224         0.000e+00         3.601e-08            0.000e+00          3.250e-10
   RA225         0.000e+00         1.056e-11            0.000e+00          5.722e-14
   RA226         0.000e+00         6.684e-09            0.000e+00          1.670e-10
   RA228         0.000e+00         5.374e-15            0.000e+00          6.844e-15
   AC225         0.000e+00         7.135e-12            0.000e+00          3.866e-14
   AC227         0.000e+00         2.342e-10            0.000e+00          1.114e-09
   AC228         0.000e+00         8.307e-15            0.000e+00          1.258e-14
   TH226         0.000e+00         3.864e-14            0.000e+00          1.157e-16
   TH227         0.000e+00         9.026e-13            0.000e+00          2.591e-12
   TH228         0.000e+00         6.965e-06            0.000e+00          6.298e-08
   TH229         0.000e+00         1.616e-06            0.000e+00          9.612e-09
   TH230         0.000e+00         4.583e-04            0.000e+00          1.072e-05
   TH231         0.000e+00         3.332e-08            0.000e+00          1.482e-08
   TH232         0.000e+00         7.148e-05            0.000e+00          7.631e-05
   TH233         0.000e+00         1.537e-10            0.000e+00          5.228e-11
   TH234         0.000e+00         1.119e-05            0.000e+00          1.332e-05
   PA231         0.000e+00         9.849e-06            0.000e+00          1.793e-05
   PA232         0.000e+00         1.430e-08            0.000e+00          8.290e-09
   PA233         0.000e+00         1.398e-05            0.000e+00          8.794e-06
   PA234         0.000e+00         8.974e-10            0.000e+00          3.467e-10
  PA234M         0.000e+00         3.792e-10            0.000e+00          4.494e-10
   PA235         0.000e+00         3.399e-15            0.000e+00          1.283e-15
    U230         0.000e+00         3.799e-11            0.000e+00          1.137e-13
    U231         0.000e+00         1.486e-09            0.000e+00          4.558e-12
    U232         0.000e+00         5.108e-04            0.000e+00          4.883e-06
    U233         0.000e+00         1.942e-03            0.000e+00          2.301e-04
    U234         5.454e+01         4.846e+01            0.000e+00          1.574e+00
    U235         6.271e+00         1.542e+01            7.109e+03          3.575e+03
    U236         8.604e+02         7.203e+02            0.000e+00          7.358e+02
    U237         0.000e+00         4.391e+00            0.000e+00          1.232e+00
    U238         8.464e+05         7.682e+05            9.929e+05          9.164e+05
    U239         0.000e+00         1.261e+00            0.000e+00          5.351e-01
    U240         0.000e+00         4.389e-06            0.000e+00          5.933e-07
    U241         0.000e+00         1.369e-17            0.000e+00          5.897e-19
   NP236         0.000e+00         1.007e-02            0.000e+00          2.992e-03
   NP237         0.000e+00         4.168e+02            0.000e+00          2.555e+02
   NP238         0.000e+00         5.077e-01            0.000e+00          1.265e-01
   NP239         0.000e+00         1.816e+02            0.000e+00          7.708e+01
   NP240         0.000e+00         2.036e-03            0.000e+00          2.754e-04
  NP240M         0.000e+00         7.828e-06            0.000e+00          1.058e-06
   NP241         0.000e+00         1.313e-14            0.000e+00          5.660e-16
   PU236         2.279e-03         5.138e-04            0.000e+00          5.161e-09
   PU237         0.000e+00         2.961e-03            0.000e+00          9.699e-05
   PU238         4.044e+02         3.677e+02            0.000e+00          5.341e+01
   PU239         1.038e+05         9.661e+04            0.000e+00          4.954e+04
   PU240         4.091e+04         4.099e+04            0.000e+00          3.661e+03
   PU241         4.767e+03         5.191e+03            0.000e+00          1.974e+02
   PU242         2.736e+03         2.772e+03            0.000e+00          7.276e+00
   PU243         0.000e+00         8.124e-02            0.000e+00          1.004e-04
   PU244         0.000e+00         8.036e-03            0.000e+00          2.028e-06
   PU245         0.000e+00         2.607e-07            0.000e+00          2.095e-11
   PU246         0.000e+00         3.724e-10            0.000e+00          9.540e-15
   AM240         0.000e+00         6.635e-05            0.000e+00          4.091e-07
   AM241         0.000e+00         6.236e+02            0.000e+00          1.757e+01
   AM242         0.000e+00         1.736e-01            0.000e+00          2.099e-03
  AM242M         0.000e+00         2.282e+01            0.000e+00          2.512e-01
   AM243         0.000e+00         2.562e+02            0.000e+00          1.972e-01
   AM244         0.000e+00         4.822e-02            0.000e+00          1.629e-05
   AM245         0.000e+00         5.090e-08            0.000e+00          4.093e-12
   AM246         0.000e+00         5.959e-13            0.000e+00          1.527e-17
   CM242         0.000e+00         2.896e+01            0.000e+00          3.190e-01
   CM244         0.000e+00         4.815e+01            0.000e+00          1.338e-02
   CM245         0.000e+00         2.449e-04            0.000e+00          1.875e-08
   CM246         0.000e+00         1.385e-08            0.000e+00          3.734e-13
   TOTAL         1.000e+06         1.000e+06            1.000e+06          1.000e+06
